>>>>>>>>>>FINAL PI IS>>>>>>
[0.08004826826871844 ][0.18144039351536706 ][0.07959754992515598 ][0.11522154877729646 ][0.11590794177367962 ][0.042911385750718345 ][0.15254098055439963 ][0.10796004289497535 ][0.12437188853968889 ] 
 
>>>>>>>>>>FINAL A IS>>>>>>
[[0.11186925840171665, 0.11066462314362677, 0.11009185423128284, 0.11066323696703488, 0.11194729047270724, 0.11083219638220516, 0.11164828396250931, 0.1105218472646728, 0.11176140917424947]
[0.11088191871331053, 0.11206757604062384, 0.11124655913573367, 0.11099879907624624, 0.11187935514648878, 0.1102784316114123, 0.11149558883139497, 0.11055677271285173, 0.11059499873194643]
[0.1102898075193204, 0.11182673823285925, 0.11113752412177925, 0.11178268068930342, 0.11191494024848626, 0.11081459501630384, 0.11186141598014301, 0.11137013185031543, 0.10900216634148148]
[0.11131178179166978, 0.11025532083829019, 0.10966543819899667, 0.11042305224407671, 0.11259259037357842, 0.1119862332435197, 0.1108447322003024, 0.11050687496554229, 0.11241397614401225]
[0.11069240492080609, 0.1121935889699066, 0.10999228367756661, 0.11197158077242887, 0.11279687392388159, 0.11123587760359463, 0.11106023784721426, 0.1103786965042478, 0.1096784557803714]
[0.1115223404875405, 0.1095922894782328, 0.10952407606375072, 0.11105433584334035, 0.11177115430026219, 0.11219857380625263, 0.11149641173871236, 0.10924934400098894, 0.11359147428091543]
[0.11069030416719004, 0.11123039244909726, 0.11018925737573254, 0.11044184769300645, 0.11138412803098101, 0.11138316795476152, 0.11228485110236609, 0.11038503526243075, 0.11201101596444869]
[0.11088257872110807, 0.11051342172148595, 0.1111236227890348, 0.1104477441485552, 0.11274680162859009, 0.11142257466513959, 0.11154203699951182, 0.11061173808473866, 0.11070948124184399]
[0.11070068475484392, 0.11148734812625281, 0.10985693286363535, 0.1121087774190124, 0.11230871553427388, 0.11100811027284684, 0.1114999904850563, 0.11101603267498646, 0.1100134078690755]]
 
>>>>>>>>>>FINAL B IS>>>>>>
[[0.23900940163990483, 0.15520806801252615, 0.07451623589004262, 0.058834684417210875, 0.0574500393130214, 0.0421727446003687, 0.037622205887188724, 0.035092047815659624, 0.02815030541783948, 0.02889881104043187, 0.02704884406483479, 0.026469034263546506, 0.027037546646241334, 0.01808997792719571, 0.019673565189527443, 0.01550922795617989, 0.01361234409012234, 0.009592766111726304, 0.007194892170597249, 0.007414546795247509, 0.006365581309775971, 0.004632187987992861, 0.003765256277240403, 0.0033875559486622143, 0.003046463436731743, 0.003181823689708715, 0.002377340923550367, 0.0022946049893508664, 0.002044998005134826, 0.001840151533380564, 0.03846674664906625]
[0.23322506325200607, 0.15973897715294166, 0.07436690873648, 0.06119513694446937, 0.05718298665683068, 0.03987887301168268, 0.0358979484562735, 0.03419752432827983, 0.028997578747677513, 0.028731228104541276, 0.026844932042550843, 0.025224036793951236, 0.02566591219284596, 0.018257376489512638, 0.019306992730943145, 0.015504197676497777, 0.013559057628248775, 0.009683665023842188, 0.006900265089168434, 0.00718628165219791, 0.00639073295847219, 0.004666024244431809, 0.003853540616003362, 0.0032899044099350787, 0.0031556690233480863, 0.0031717270232823683, 0.0023804553171137147, 0.0024032071658100164, 0.0020389697868249605, 0.0018298098527957049, 0.0452750168910437]
[0.2316839436483264, 0.15530667182240074, 0.07513666343489113, 0.060864402212271795, 0.0564907229376182, 0.04043873540542987, 0.03763296871403281, 0.035760944383976666, 0.029018755069115162, 0.02866999760771932, 0.028177403408240854, 0.026095537455977133, 0.02605961595353506, 0.018094149264025958, 0.01885142622663619, 0.015867709419405712, 0.014358640351603356, 0.009549312209525316, 0.007203873287817204, 0.0073834127364987324, 0.00660150438888611, 0.004524922605966352, 0.0038509607878501545, 0.0034136374886275423, 0.0029938944154411767, 0.0032231869038596333, 0.002311535462907318, 0.0023917465188983385, 0.00209524865483379, 0.001864166149495482, 0.04408431107418032]
[0.23912069910412553, 0.1570902532302135, 0.07186255235959789, 0.058241596590394594, 0.05681174688131373, 0.041480476890515657, 0.03728714362491785, 0.03404088067911922, 0.028773255351663533, 0.029121016860163086, 0.027236559490324778, 0.02563528713573869, 0.02666876348084145, 0.017996973107830976, 0.019549196562563927, 0.016217139479510975, 0.013590667213702714, 0.009791727957755753, 0.007222396611131057, 0.007416534407308655, 0.006373948597468704, 0.004618231971606217, 0.0038616593887262855, 0.00331712298348711, 0.0031056726107243767, 0.0031517020141656033, 0.002269254309669233, 0.0023561657514498025, 0.0019696920352150864, 0.0017787968542937395, 0.04204288646445033]
[0.23684214143064738, 0.15729154156933797, 0.07389229350219645, 0.05987103860519698, 0.055114796523792434, 0.040703713289401644, 0.035849238161641865, 0.03432386603594671, 0.028642888743748155, 0.028394601375173446, 0.027821078668737988, 0.025715466130454005, 0.0259329945694965, 0.01829038872032759, 0.018579491445077083, 0.015472596281255236, 0.01371347864029032, 0.009524392188118291, 0.007166090325253918, 0.007104919126447592, 0.006352070587609884, 0.0044890749041319655, 0.003776236860706105, 0.0032641315941756965, 0.0030029556942879477, 0.003172100353420418, 0.00233178628828822, 0.002414449211642753, 0.0019492688423226585, 0.0017733455666401417, 0.047227564764244695]
[0.24374421568566443, 0.1518387961569686, 0.07370619485974232, 0.05938283530699181, 0.057560214478430724, 0.04015772243116393, 0.03599457712714935, 0.03531043515651915, 0.02950896806534086, 0.029896624316978287, 0.028321687213493697, 0.025919961747173852, 0.026554252191887857, 0.01853368647847336, 0.019026259750288453, 0.01631587795818946, 0.014094988276930447, 0.009388747922209183, 0.007054208595316869, 0.007161532225511997, 0.006260850194186535, 0.0045484072272749644, 0.0038993175152503123, 0.003410484208338962, 0.0029803464205949066, 0.0031121600582424335, 0.0023490557693917956, 0.0023215826909692375, 0.002056374379718154, 0.0018508603005472327, 0.037738775291053295]
[0.23856255320581096, 0.15866403747111385, 0.07129261761488867, 0.06020959986356486, 0.05565405835490589, 0.0421165473629121, 0.03687670215678373, 0.0357652219808329, 0.028695785585230022, 0.028661099356680098, 0.02811154413512282, 0.025141623963040104, 0.02664556158674865, 0.01840502280664231, 0.018494491980940782, 0.0159266491182261, 0.013581697705174603, 0.009687756522388959, 0.0069240813359003695, 0.007391512815855076, 0.006459505644217077, 0.004636307464651012, 0.003805900416885562, 0.0032097479538028134, 0.0030830684758765443, 0.003011125272298552, 0.0023533866768912152, 0.0023246476953150325, 0.0019945121560078884, 0.0018133547740068804, 0.040500278547293905]
[0.2335379888724027, 0.1568947065892518, 0.07326364438856758, 0.061117920849429755, 0.0567198721710623, 0.0408479693143166, 0.03668432087939179, 0.03529221921210639, 0.02922648272094339, 0.02907849048777243, 0.027422109844795085, 0.026139204860757548, 0.026162298414706246, 0.018110869947520175, 0.018976768747181696, 0.016213245837812553, 0.014080724326669443, 0.009584395907880747, 0.007288067170995361, 0.0075430357888906585, 0.00658358756615821, 0.004624827594788155, 0.0037646739011383394, 0.0033053844403637496, 0.0030387977639123086, 0.0032056926845476486, 0.002395432433488393, 0.0023558118988258863, 0.0020685507345391367, 0.001841642338494242, 0.042631262311296894]
[0.23990749177574305, 0.1577096834078921, 0.06969806508376136, 0.0588545869155589, 0.05733298452660366, 0.04173932701923432, 0.037910891808077433, 0.033786648740197524, 0.0296303502650848, 0.028831892000910544, 0.027953506612157866, 0.025507535385597843, 0.026333234057820322, 0.018738290011673528, 0.0185471905632239, 0.0158977536641315, 0.013614909274160184, 0.00941739401028247, 0.006948044335720037, 0.007281904956190598, 0.006214964499670625, 0.004660632614192272, 0.003802689562784595, 0.003283521215780137, 0.0029530610071032506, 0.003031681318439582, 0.0022918965107716536, 0.002377591011743561, 0.001963918602965897, 0.001788746745071025, 0.04198961249745379]]
 
>>>>>>>>>>FINAL LOG IS>>>>>>
[
0.0 ,
-171619.24629402015 ,
-136314.84461041272 ,
-136314.8441467304 ,
-136314.84368320266 ,
-136314.84321959995 ,
-136314.84275569476 ,
-136314.8422913077 ,
-136314.84182621003 ,
-136314.84136021198 ,
-136314.8408930851 ,
-136314.84042462753 ,
-136314.83995460282 ,
-136314.83948285625 ,
-136314.83900912423 ,
-136314.83853319872 ,
-136314.83805486877 ,
-136314.83757389145 ,
-136314.83709008092 ,
-136314.8366031848 ,
-136314.83611297273 ,
-136314.83561920736 ,
-136314.8351216606 ,
-136314.83462009675 ,
-136314.83411424837 ,
-136314.83360387685 ,
-136314.8330887341 ,
-136314.8325685553 ,
-136314.8320430626 ,
-136314.83151200623 ,
-136314.83097507717 ,
]

 ------------------SCORING OBSERVATION 1 (FROM LATER OPCODES EXISTING FAMILY) ----------------------
-135615.2008371053

 ------------------SCORING OBSERVATION 2 DIFFERENT FAMILY ----------------------
-197660.98469389154

 ------------------SCORING OBSERVATION 3 DIFFERENT FAMILY ----------------------
-364935.3743863617

 ------------------SCORING OBSERVATION 4 DIFFERENT FAMILY ----------------------
-2762.165113683488

 ------------------SCORING OBSERVATION 5 DIFFERENT FAMILY ----------------------
-15590.720535072052
