>>>>>>>>>>FINAL PI IS>>>>>>
[1.1599407559469212E-9 ][7.691570081465805E-20 ][2.0376583611827121E-16 ][8.56506909839669E-14 ][2.906528911366149E-17 ][1.8799176367027096E-19 ][6.233284534092421E-20 ][4.9591038738889465E-12 ][1.394319343264271E-20 ][1.9162674572354048E-16 ][4.695547661194154E-19 ][0.9999999988339608 ][1.143837670291341E-21 ][6.539545723585837E-14 ][9.875673434617943E-13 ][2.7965235219329936E-19 ][6.629235230390827E-24 ][1.936314150406728E-16 ] 
 
>>>>>>>>>>FINAL A IS>>>>>>
[[0.06181867731075781, 0.05019967083803257, 0.05336760510180931, 0.05690601693797941, 0.05333332111556927, 0.05248997112483701, 0.05047163165663943, 0.060709552838163185, 0.05062013984487244, 0.05302690083262732, 0.05192454520654749, 0.08645667459621295, 0.04935028953735184, 0.057487127795554004, 0.05963918411130451, 0.0530335026778533, 0.046480086890198065, 0.05268510158385082]
[0.0527546245676186, 0.05798352987424744, 0.05651626044513223, 0.05254429362557615, 0.05725540637922475, 0.05557677245818441, 0.0573991407710222, 0.05109709688667352, 0.05826178244118434, 0.05592635751931712, 0.05601893708552357, 0.04863951946218375, 0.05701695524621961, 0.05403868761143626, 0.05331338675432319, 0.05512425499721187, 0.06074609305681109, 0.05978690081815435]
[0.0535350293990717, 0.055579827581854806, 0.056311853175046084, 0.0544906084619819, 0.05601377232317891, 0.054279787018788245, 0.057848960514190854, 0.05274135294569923, 0.056437539064896375, 0.05428496259281862, 0.056668177644494826, 0.05321531127921305, 0.056209336148658404, 0.054722597443884975, 0.05413366033690799, 0.05519637322423407, 0.05991636931739565, 0.05841448152751227]
[0.05812347337547337, 0.05264019124039303, 0.05543279223502905, 0.05610816893990052, 0.0540168155168655, 0.053290572429401925, 0.05263794619458478, 0.05746370059561003, 0.05394852848089495, 0.05400413473013989, 0.053305146665788124, 0.07133103303068476, 0.052743790123916355, 0.056884030076601706, 0.05706933083678033, 0.0539455066973953, 0.051840932239756846, 0.05521390659082882]
[0.05336828550645348, 0.05555057735578629, 0.05637152168203707, 0.05289063854939509, 0.05656544747347558, 0.055051226681587094, 0.058221212007109405, 0.05271521995594396, 0.05735210382162522, 0.05629938049681773, 0.056490443807655465, 0.05149748601877007, 0.05738315333563128, 0.05558621721097993, 0.05499966909074594, 0.05626393780850163, 0.06064140052718542, 0.052752078670120675]
[0.055289293421423566, 0.05487579803604795, 0.05684612764262488, 0.05365307459151907, 0.05640673660055172, 0.054033934154604384, 0.05519098130715086, 0.054808183825115424, 0.0568419341547184, 0.05589831024932477, 0.056291738003526985, 0.05728660000416421, 0.05640118388515584, 0.054296165167584516, 0.05607373153732787, 0.05478354847319497, 0.05666944658450327, 0.054353212361409664]
[0.05047379460683758, 0.05702872948138023, 0.05779136081227516, 0.05280181968633149, 0.05697411680457898, 0.056044028153967675, 0.05882542943809967, 0.05129699372537979, 0.05804821081512542, 0.05490621550462339, 0.05850322732002257, 0.045383037469829156, 0.05873894052320219, 0.053195031391161066, 0.05361679850757575, 0.056370169080983835, 0.06287982137233249, 0.057122275306089564]
[0.06157168231653493, 0.05207385258323058, 0.05362539599321729, 0.056723894488573796, 0.05343804509389726, 0.05274475806911237, 0.05062372577001996, 0.06090551006697064, 0.05136157986893372, 0.05386034359673623, 0.052112130306574016, 0.08590422018830295, 0.049364826892144165, 0.05742665778240577, 0.058293100937708744, 0.05292374380761391, 0.0465582021240698, 0.0504883301138612]
[0.052023215454831705, 0.05659574024078352, 0.05719645792355535, 0.052941846836318904, 0.056851082298411806, 0.05438684629820045, 0.05776193164488107, 0.051918133336234344, 0.058490163185035984, 0.056059497512969333, 0.05556649502601535, 0.04752384010774656, 0.05757163362510316, 0.05430368070405595, 0.053425247173394974, 0.05633340546067389, 0.06216532086577679, 0.0588854623058067]
[0.054198789784538376, 0.0560033012719069, 0.05642441552758061, 0.054750234303102926, 0.056697485390242004, 0.05520834412707932, 0.05628979748454355, 0.053662737779138964, 0.056322993158308125, 0.05597001726307905, 0.05663836564225532, 0.05535758529112369, 0.0560446499584291, 0.054678695885676455, 0.055582527111410374, 0.05595780665676811, 0.058025551278326266, 0.05218670208634732]
[0.05295151867423498, 0.056619547738266905, 0.056460624576826234, 0.052507878734880185, 0.05641511202738082, 0.055114281219174124, 0.05759515190156198, 0.05188725188187639, 0.0560910523328902, 0.05554077228395218, 0.05643331664430726, 0.050144146589011666, 0.05922767610033698, 0.05463367561878017, 0.053347219360040415, 0.05599455363760093, 0.061246038668931996, 0.0577901820100547]
[0.07396479674346952, 0.03961029165970773, 0.04363235946499055, 0.05860988388381519, 0.043079702594291364, 0.046245591646957636, 0.03745810909764658, 0.07204677158176759, 0.03995640003963536, 0.045686183632028865, 0.04151682200012343, 0.18114943629698999, 0.03662492931837916, 0.0570801721034069, 0.06362556452311512, 0.04472767247258854, 0.029218894670115812, 0.045766418271081064]
[0.04922326427138503, 0.05812352850850819, 0.057648296776418695, 0.05240983024043317, 0.05726172394313234, 0.055966575741107485, 0.05836879336521514, 0.04933302860328766, 0.05746935930384508, 0.05540951501113268, 0.05868841138944312, 0.04426503859535232, 0.06068722201617369, 0.05347495797132221, 0.05300457654248946, 0.055275956019003675, 0.06474753742452256, 0.058642384277363034]
[0.057032885523440484, 0.05410280032714561, 0.05513478842292407, 0.0548616503287642, 0.05566939555754095, 0.05357142377331473, 0.05349949437231362, 0.05636172550697055, 0.05363903593211713, 0.0549162755383894, 0.05282338065029821, 0.0683869281562171, 0.05184830178905506, 0.055281682085860276, 0.057357862624438635, 0.054569129115240346, 0.053331082208471825, 0.05761215808759714]
[0.06031008778847347, 0.05241958953324077, 0.054604626381265835, 0.055778159889352676, 0.05451003546489243, 0.054352834773911854, 0.05139643232231229, 0.05934865379126774, 0.053815464940321245, 0.05310431137312808, 0.052387851183648644, 0.07321028288263841, 0.05104597718375676, 0.05576406511592814, 0.05827731706922493, 0.05311723838548842, 0.04990557171119515, 0.05665150020987077]
[0.05486027048213291, 0.0555473861886967, 0.05648902566917491, 0.054670204873944785, 0.0567764909201607, 0.05574491595050682, 0.057007226982160895, 0.053559919034794436, 0.056978608282380966, 0.05622421315174034, 0.055432430968163755, 0.0528511978138375, 0.05672767902108605, 0.055476341842922904, 0.05521397724730096, 0.0548657426444351, 0.05810385981890469, 0.05347050910786664]
[0.046995314790974574, 0.06051851398386326, 0.05783423076584465, 0.0505681119545413, 0.05798936082801913, 0.054729719940948246, 0.06215845170240226, 0.04639954158612356, 0.060038152748144016, 0.05636558774690217, 0.05911126972647695, 0.03503289795416584, 0.06220163204902566, 0.05163886166406948, 0.05034549608178921, 0.05620889433839263, 0.07156970160490626, 0.06029426053353437]
[0.053063181893994976, 0.05718317974510155, 0.05643667130077543, 0.053129502448521826, 0.0558157769793824, 0.054562709794309855, 0.05705537653000725, 0.05337451611509002, 0.0569574814952833, 0.055484454809285016, 0.05707378175057381, 0.05161324614029525, 0.05741815351557124, 0.054368714624282215, 0.055079810662465846, 0.05575999528902131, 0.05911497077059836, 0.056508476135277486]]
 
>>>>>>>>>>FINAL B IS>>>>>>
[[0.21719183254346844, 0.06966193498378744, 0.10294306917806478, 0.16392141973152652, 0.0013070686316482933, 0.03046468625212406, 0.032609739415949086, 0.022384214678126717, 0.030137164912280513, 0.016328683101724435, 0.009253614656833511, 0.01857669230637701, 0.019358139109823827, 0.00994663810208129, 0.007350312778748652, 0.006730609692530086, 0.015161535909323313, 0.01328286706385938, 0.010701372741534165, 0.013075302073834963, 0.012613813597881772, 0.012892810532049909, 0.0025590801115480994, 0.010353947331409662, 0.006016109200794315, 0.002443902670688693, 0.005151511385589228, 0.0011954655789818988, 0.0048377746571130475, 0.0012351859733005525, 0.1303135010971183]
[0.24037003447336097, 0.07015328358606536, 0.10858644443104926, 0.2346716021283453, 8.70225878952072E-4, 0.03313473680016541, 0.029072217654330258, 0.018447102555372467, 0.026431327775428566, 0.01409443695950673, 0.008501180884050502, 0.018870450758691516, 0.013658290253604226, 0.008560023508478624, 0.00633300032403054, 0.007571269240221435, 0.01049091251124479, 0.009395651405074475, 0.007681060511475224, 0.009692352967187085, 0.009332799746077768, 0.010355774229509725, 0.002533749586738425, 0.007547417685083103, 0.0058723505358241855, 0.00177397985500962, 0.003589951804076586, 8.950890832532334E-4, 0.0036697907076355192, 8.536300504376541E-4, 0.07698986210972]
[0.23664014951535303, 0.06828950984578842, 0.10782352467214945, 0.2274631151592267, 9.057158737646107E-4, 0.031576828832997006, 0.029716800022346664, 0.01868460945907302, 0.026422295749311438, 0.01443841003129881, 0.008446275284256524, 0.018710575221632986, 0.01406782044220468, 0.009086868833719878, 0.006434855704565256, 0.007346628645923276, 0.011234036817457481, 0.009521814653024267, 0.008414804733768823, 0.01001109130254179, 0.009526643102380295, 0.01015874952706595, 0.0025720031976349885, 0.0075835439646677796, 0.005844310894161496, 0.0018587583012499907, 0.003817397156479052, 9.27204396387739E-4, 0.00392517306319651, 8.954287594226655E-4, 0.08765505683674053]
[0.2242628848965657, 0.07111572358418942, 0.10496462134493909, 0.18985774394688124, 0.0011344221428638782, 0.030912074800369598, 0.032311948398013074, 0.020854895932517083, 0.029364079867068182, 0.015919310863981937, 0.009329878894591236, 0.019325553500300623, 0.017001644296072954, 0.009686037050873003, 0.007186956676285145, 0.00684865898797238, 0.013325682134004082, 0.012295913184893313, 0.009777414050265132, 0.011943616271218045, 0.011418587105849764, 0.012042520179665553, 0.0026522159784662536, 0.009573616397465392, 0.006136291586955731, 0.002210033994190537, 0.004493564994515606, 0.0010921893762119862, 0.004529396138317341, 0.0011278824537512935, 0.10730464097076367]
[0.2365780876804491, 0.06903285480311873, 0.11108416976135896, 0.22778832132238477, 8.761735195773687E-4, 0.03140043267500038, 0.02889298564288372, 0.019164244057257925, 0.026467637659530543, 0.01460031776608412, 0.008752860206051613, 0.01808828077305868, 0.013913658986702576, 0.008682823174223473, 0.006472492553293098, 0.007377303187313153, 0.010876214421628231, 0.009619161981701117, 0.008291069603917553, 0.009917045527724596, 0.0097022445839408, 0.010396145305442646, 0.0024946456168190335, 0.007573980023131655, 0.005733493567802798, 0.0018526677254265067, 0.0036456099429747666, 9.369054186206451E-4, 0.0038830974655275985, 9.079369246796305E-4, 0.08499713812223157]
[0.2307250997039726, 0.07125527034149957, 0.10758204018911595, 0.21716155588932226, 0.0010220507235903448, 0.0317062409956501, 0.03147199033255738, 0.020605936149715766, 0.028934746750896967, 0.014633878709146116, 0.008937777922521447, 0.01944487371721457, 0.015598243189028428, 0.00960865332360621, 0.006804524753738322, 0.007535353954110548, 0.012048162835757437, 0.010294608293010283, 0.008500086633363857, 0.010952902545703037, 0.010392739270712303, 0.010900178311042485, 0.002651728240371728, 0.008444397208870004, 0.005944437883515704, 0.0020298904563045145, 0.003956826672198175, 9.807758702440363E-4, 0.004007875269265204, 0.0010007945290443205, 0.08486635933484138]
[0.2415027556914286, 0.0668529439973531, 0.10856816861963763, 0.24514979659693606, 8.332160394477553E-4, 0.032716912073002334, 0.028321275944224813, 0.018561935086069823, 0.025490925288041557, 0.013990063871740795, 0.008462788203563432, 0.01845561024070169, 0.013391089758036906, 0.008850626958832711, 0.006153898750024955, 0.007802271511539465, 0.010033287411957957, 0.009069801007542672, 0.0074992072546845225, 0.00904492714187147, 0.00916070131538425, 0.009717698639802427, 0.002453379920880504, 0.00688481626431814, 0.0057485186327934125, 0.0017336531069163984, 0.003457658218593532, 8.607448770955658E-4, 0.0036101874226059988, 8.732292694587249E-4, 0.07474791088527484]
[0.21478444301611216, 0.06897267026999651, 0.10605656692077142, 0.16578147870851584, 0.0013014015985081033, 0.030010421220828882, 0.032963004158658334, 0.022516337767717633, 0.030221372285918747, 0.01632422175005085, 0.009617736398827048, 0.019678010611143965, 0.019914755936794846, 0.010149681057792322, 0.0077921019461592925, 0.006635446979239146, 0.015187455320168373, 0.013882930405125669, 0.010444977847424021, 0.013283003700894323, 0.013128470260873607, 0.01307025287856912, 0.0025890947087703416, 0.010988940287468415, 0.006194675437380989, 0.0024166136916609275, 0.005461426167130327, 0.0012635053114371418, 0.004917961637538584, 0.0012527100712568535, 0.123198331647237]
[0.24603257104396914, 0.06632275461787582, 0.11194491549357743, 0.23227445625622767, 8.681269146550097E-4, 0.032159071485911926, 0.02901999896474324, 0.018806189171976993, 0.027297924074534703, 0.013934344923732921, 0.00864196722535316, 0.018600476471999184, 0.01372746836125792, 0.008733137243987731, 0.00629913015299105, 0.007379823000321783, 0.010804786980220388, 0.00901037468843173, 0.0077502958052588795, 0.009501893180033047, 0.0093989566458919, 0.010073007397402868, 0.0025653055171619525, 0.00708358759419425, 0.0059106169336294945, 0.001754993467319564, 0.003528622819671356, 8.605301333033448E-4, 0.0035644760972441407, 8.537872953209955E-4, 0.07529641004157461]
[0.23223376060072723, 0.06786545617986742, 0.11105615249521376, 0.2197322559919112, 9.672230826764533E-4, 0.03308462534846533, 0.030124179039997527, 0.019372626373862365, 0.02713692931163391, 0.014783539194718268, 0.008595109250577332, 0.018557138322007765, 0.014981029272262126, 0.009243863618657007, 0.00692101485101256, 0.007316547920261395, 0.011215042673029169, 0.010260447635139499, 0.008439090297162999, 0.010018943883207329, 0.010225790852027317, 0.010630642470132927, 0.0026368567958070565, 0.008036400126825842, 0.005714232675646351, 0.001963879744671769, 0.0037390265292399174, 9.895944460216702E-4, 0.003993684727343616, 9.354042472370123E-4, 0.08922951204254978]
[0.2311432790049086, 0.07013842468316787, 0.10844460376641711, 0.2370539445900522, 8.936081367637584E-4, 0.03249305976086677, 0.02953148476009524, 0.019658304301844714, 0.026906449329635464, 0.014463079951416888, 0.008748522750237714, 0.018308414121377795, 0.014247151111769489, 0.008636711282363691, 0.006693370343075499, 0.007399204569331382, 0.011099092208382216, 0.009292007249778394, 0.008227269354102184, 0.009809970842941093, 0.00944515185357451, 0.010177580835799279, 0.002603851819745411, 0.007450597823417567, 0.005832781794140865, 0.0018152287968122118, 0.0037553519792060223, 9.170913507966417E-4, 0.003665382621316663, 8.91107030503698E-4, 0.08025792197627898]
[0.15819800854537447, 0.06428869776727254, 0.0799001008363019, 0.08245953038714704, 0.0019988137877269925, 0.020796120364418785, 0.03504784592738021, 0.02405671188081498, 0.03237631259904121, 0.017309695125460375, 0.009733837520349266, 0.01789021286282253, 0.028958246232704602, 0.011057357100394745, 0.00813547345982348, 0.0044796243891970676, 0.02259520967358931, 0.021307928890167926, 0.01403645540770796, 0.018474917024485307, 0.01812719170676134, 0.016238778905076284, 0.002385091285501264, 0.016389149506229123, 0.005493190368491924, 0.0033110593585920084, 0.00828845357175837, 0.0016844400135877559, 0.006880656843459814, 0.0017131108184470672, 0.24638777784005433]
[0.23711968676100453, 0.06712115935799672, 0.10743536576869657, 0.25377102597253887, 7.979763709784438E-4, 0.031837423256624975, 0.02873673914931384, 0.01900902088404556, 0.025899490423404104, 0.013688899660288871, 0.008447440236148698, 0.018598478060461457, 0.013382122371282843, 0.008613754216534562, 0.006381157961838978, 0.007725191080778866, 0.010157345172210034, 0.009036348299071835, 0.007461893759462669, 0.00923222172433672, 0.008786773473189444, 0.00988667685233234, 0.002542967872038742, 0.0071890338531847104, 0.006000740200880527, 0.0017245609115570013, 0.0034235154740852457, 8.7483059170784E-4, 0.003456600425940313, 8.493235569952431E-4, 0.07081223630120276]
[0.22772670310980594, 0.07118084296667562, 0.10644584778444097, 0.19419595283345129, 0.0010621457617205927, 0.030478566391593537, 0.03243485874679019, 0.01995485454757914, 0.028814168808955914, 0.015536901236217144, 0.009062554211662455, 0.01917091236822107, 0.016826143841403855, 0.009280138619230745, 0.007024533027708865, 0.007098444331249946, 0.012784487295671644, 0.011488367441707049, 0.009524103954721646, 0.011578563300340312, 0.010980580919490933, 0.011630924464536575, 0.002501050105400617, 0.008947575345502116, 0.00602773095797915, 0.002186700417803934, 0.004473781950501044, 0.001038377908315008, 0.004279685532350268, 0.0010827684148606788, 0.10518173340415407]
[0.22579432557879225, 0.06826165785217307, 0.10650518610868132, 0.18247696157960358, 0.0011310340611467777, 0.03003715768183143, 0.03286238848245058, 0.02141581767850464, 0.030108512861962367, 0.015103752245330747, 0.008996662560032894, 0.019241025693061128, 0.018322920455425197, 0.009650582439444721, 0.0070802941511283616, 0.00665927916942357, 0.013537823635349854, 0.012349118838070512, 0.010023814780560521, 0.012411518192709243, 0.011559917865631066, 0.01192719809188771, 0.00252840084875684, 0.009457425456550863, 0.006029160151702221, 0.0022397398010958057, 0.004653224153227369, 0.0010986553356958145, 0.004485354870673536, 0.0011219328517057187, 0.11292915652728593]
[0.23311465589595284, 0.06916476429688512, 0.11224546169926507, 0.22086141796791617, 9.73077962660994E-4, 0.033092051638972435, 0.029619050955724032, 0.020205749014473594, 0.02844256465268344, 0.014220771671807365, 0.009002948543290808, 0.018747348408595432, 0.014662705027261712, 0.008956175586960135, 0.006904166131811809, 0.007512471078961, 0.01148267611373557, 0.010057286994219969, 0.00853043400882013, 0.010535727841481768, 0.01024590938221373, 0.010480125560244987, 0.002532636527200037, 0.007861560447420509, 0.005905000159827694, 0.001877506400263737, 0.0038850519994206413, 9.607034470331339E-4, 0.00396899045012451, 9.673642954546471E-4, 0.08298364583953813]
[0.24776493315422005, 0.06421827241300383, 0.11120376983980308, 0.2778733347031888, 6.618863277912988E-4, 0.032217860500491434, 0.025906333468692203, 0.017220960718484744, 0.023977192622177887, 0.012852025151105072, 0.007854328724751072, 0.017657871676787017, 0.011376494051069755, 0.007678793146653108, 0.005778666748118431, 0.007939465091460686, 0.008403013128047997, 0.0071905498986075565, 0.006579172105029303, 0.007992633994578781, 0.007367062004875274, 0.008395051740641599, 0.002437462404751761, 0.005901199085665978, 0.005468204301213961, 0.0015045545096571689, 0.0028483225437413583, 7.501982866040186E-4, 0.002958489824613772, 7.317780646931866E-4, 0.05929011976958336]
[0.24048649849414824, 0.06790085835071112, 0.10911137800884721, 0.2268345873858679, 9.262308408064235E-4, 0.0301515734744409, 0.02876031647584707, 0.019009240851845265, 0.027632275160186737, 0.013685980856636491, 0.008571210520352927, 0.017781242722863105, 0.014206025147254239, 0.008462758120462686, 0.006399179182964762, 0.007335436750264281, 0.01109975241395706, 0.009695004042621679, 0.008373597417450205, 0.010126212657010612, 0.009360711485159002, 0.010176686244436574, 0.00251661112113262, 0.007452309067745865, 0.005687212020544647, 0.0017697012105225918, 0.003706789971499506, 9.019959711802949E-4, 0.0037086902392517093, 9.285243682466335E-4, 0.08724140942558835]]
 
>>>>>>>>>>FINAL LOG IS>>>>>>
[
0.0 ,
-171632.62608211822 ,
-126404.63600589562 ,
-126404.62644109038 ,
-126404.6164239067 ,
-126404.60597324824 ,
-126404.5951228484 ,
-126404.58392184734 ,
-126404.57243405018 ,
-126404.56073600394 ,
-126404.54891349279 ,
-126404.53705724888 ,
-126404.52525829141 ,
-126404.51360299441 ,
-126404.50216867474 ,
-126404.4910202874 ,
-126404.48020828814 ,
-126404.4697678012 ,
-126404.4597186596 ,
-126404.45006713741 ,
-126404.44080720044 ,
-126404.4319231857 ,
-126404.42339156229 ,
-126404.4151835328 ,
-126404.40726638751 ,
-126404.3996055199 ,
-126404.3921653554 ,
-126404.38491019073 ,
-126404.37780509412 ,
-126404.37081620304 ,
-126404.36391072335 ,
-126404.35705734225 ,
-126404.35022594154 ,
-126404.34338771725 ,
-126404.33651477545 ,
-126404.32957999938 ,
-126404.32255696447 ,
-126404.31541963034 ,
-126404.30814205574 ,
-126404.30069813153 ,
-126404.29306142786 ,
-126404.2852048861 ,
-126404.27710046743 ,
-126404.2687190227 ,
-126404.26002990289 ,
-126404.2510006236 ,
-126404.24159668459 ,
-126404.23178099513 ,
-126404.22151361022 ,
-126404.21075127073 ,
-126404.19944690006 ,
-126404.1875490832 ,
-126404.1750013982 ,
-126404.16174157408 ,
-126404.14770106778 ,
-126404.13280375334 ,
-126404.11696507585 ,
-126404.10009059629 ,
-126404.08207476341 ,
-126404.0627993331 ,
-126404.0421309505 ,
-126404.01991926171 ,
-126403.99599403125 ,
-126403.97016205383 ,
-126403.94220307583 ,
-126403.91186540898 ,
-126403.87886020185 ,
-126403.84285532005 ,
-126403.80346667329 ,
-126403.7602489494 ,
-126403.71268332309 ,
-126403.66016297 ,
-126403.60197497852 ,
-126403.5372772158 ,
-126403.4650705582 ,
-126403.38416266999 ,
-126403.29312274985 ,
-126403.19022303013 ,
-126403.07336390625 ,
-126402.93997548071 ,
-126402.78688925206 ,
-126402.61016676997 ,
-126402.40486991759 ,
-126402.16474915307 ,
-126401.88181448229 ,
-126401.54573723834 ,
-126401.14300363301 ,
-126400.65569718475 ,
-126400.05971615549 ,
-126399.32211106284 ,
-126398.39702161838 ,
-126397.2193236483 ,
-126395.69441896984 ,
-126393.68131542474 ,
-126390.96358227561 ,
-126387.19743280351 ,
-126381.81443376839 ,
-126373.82871513344 ,
-126361.42838756126 ,
-126341.03511668909 ,
-126304.9026809662 ,
]

 ------------------SCORING OBSERVATION 1 (FROM LATER OPCODES EXISTING FAMILY) ----------------------
-134386.95310696433

 ------------------SCORING OBSERVATION 2 DIFFERENT FAMILY ----------------------
-210950.2378923169

 ------------------SCORING OBSERVATION 3 DIFFERENT FAMILY ----------------------
-421124.4932599642

 ------------------SCORING OBSERVATION 4 DIFFERENT FAMILY ----------------------
-3073.600129870265

 ------------------SCORING OBSERVATION 5 DIFFERENT FAMILY ----------------------
-16455.65177576508
