>>>>>>>>>>FINAL PI IS>>>>>>
[4.634660915279813E-4 ][0.048917383862136475 ][0.0026808890989182318 ][0.011610796414348461 ][0.09513288463363218 ][0.0036957182371500216 ][0.13936895236948652 ][0.002149171724906101 ][0.0012416681628632483 ][0.13355723677024783 ][0.09047741593976898 ][0.0020967276150358613 ][0.0020315077897763117 ][0.09077995170668483 ][0.06310970713180114 ][0.0868204345641733 ][0.12188531376866567 ][0.07138679020670109 ][0.02798061942816489 ][0.004613364484010724 ] 
 
>>>>>>>>>>FINAL A IS>>>>>>
[[0.05008883200124515, 0.05026883872453834, 0.049213454133068456, 0.05037553282853254, 0.050274382342819356, 0.05111456966174371, 0.04973007239882059, 0.04998909624588274, 0.0499780740304379, 0.04878977455651782, 0.04989451857324114, 0.05169506487669138, 0.04959813686280762, 0.04944060693442731, 0.05023556654332057, 0.050050462559425156, 0.049876026489013, 0.05009135827405008, 0.050950057646786395, 0.04834557431661336]
[0.05107553003882863, 0.051132004598715385, 0.04863356335673817, 0.05038994834349392, 0.050127561693831826, 0.04984370565312741, 0.049335559706527886, 0.04904438278393762, 0.04939434250783748, 0.05022461035305557, 0.05056598259998714, 0.05188995006176489, 0.048531400400531784, 0.050519016397918066, 0.049764235350800955, 0.04968315337861298, 0.05074601485130366, 0.04938871090125257, 0.049654979835550256, 0.05005534718620208]
[0.04956165594586683, 0.04905772619392587, 0.04977989698195077, 0.050188120168613605, 0.04956360376078999, 0.050606685155314204, 0.050462865284589736, 0.04861577277011425, 0.04969207456886632, 0.049877809118630496, 0.05114143612734601, 0.05016101723922726, 0.05111835861054678, 0.0500861542400075, 0.051551236007024125, 0.049316471393535566, 0.05007024707825607, 0.04811059202764501, 0.050499604612792716, 0.05053867271494418]
[0.04938635695134244, 0.05050304049742418, 0.049723054065400424, 0.04954921501762925, 0.050021228192437504, 0.050341867272055994, 0.050875738222168385, 0.04946293591050307, 0.04874846026555825, 0.0504221740480337, 0.05100666006542832, 0.05027646366406581, 0.049573324351264846, 0.049555403457056536, 0.05135670618826414, 0.04964305827366222, 0.049472480340085945, 0.05045677340270573, 0.049689360190358536, 0.049935699624549204]
[0.04978710421680722, 0.04900759251343673, 0.051142524927670435, 0.05082015533914237, 0.04975488786472279, 0.04909944279442896, 0.04930840975979373, 0.048644256727604036, 0.04911613336611923, 0.05123926405044213, 0.050058020067657, 0.04991623821140157, 0.04927993437147326, 0.049981402664114584, 0.04976799562058693, 0.04947843880707062, 0.04975728517206035, 0.050266499967058946, 0.05029528247449778, 0.053279131083916256]
[0.05049946305557251, 0.04950622234169401, 0.04934530499361825, 0.04990205499749975, 0.04998537060827508, 0.05121755405278341, 0.04989549295536396, 0.049254773336518405, 0.04952390752686911, 0.049082496167441786, 0.04979669371913011, 0.051545871787793046, 0.048638509828623486, 0.04955813125040162, 0.049452784619992717, 0.05035806991629529, 0.05097645717779674, 0.04973040793022651, 0.05069229627156139, 0.05103813746252185]
[0.04911964234603701, 0.04983756929280588, 0.049256830874118106, 0.04963554403906791, 0.050727976637411264, 0.04965390112655597, 0.05068317449303089, 0.04906978364327886, 0.04994120179388382, 0.05056252338590625, 0.05059342367591738, 0.04940994641397965, 0.0494777122382404, 0.05039143912945133, 0.04945655014976437, 0.050902728615708895, 0.05039146258196344, 0.04994405524291153, 0.05136505676072073, 0.04957947755926626]
[0.050324453707125044, 0.05000146928081726, 0.05048537491029936, 0.04904685435729165, 0.04920898598894083, 0.04947287821144457, 0.050171970324395646, 0.04993364749110012, 0.049179291119610016, 0.04891981185334878, 0.050044247265232086, 0.04962347812641423, 0.050418263994792, 0.04979468646097373, 0.04993096252868225, 0.05121847610154867, 0.049452299680013724, 0.0489215155413803, 0.05074107302460686, 0.05311026003199346]
[0.04958599334720626, 0.04841007545943649, 0.05045647767416172, 0.04994623566807984, 0.049774227426212805, 0.049791891938757056, 0.04915302802275459, 0.05005491251154609, 0.04902286179503969, 0.05099825958716056, 0.05163844109596684, 0.04987597346286227, 0.050283732227696484, 0.049583806836860686, 0.049954937968959515, 0.05122569221915501, 0.0489720096419081, 0.048317686273876934, 0.050355974214767195, 0.05259778262761477]
[0.049954302059051235, 0.04938548140951118, 0.050865865918398055, 0.050992327982986856, 0.04977724033279003, 0.050206509054677384, 0.049634602836780735, 0.04882790043106351, 0.04999727300464659, 0.05072576511094994, 0.049908034602928156, 0.049975924799517485, 0.04892999178526981, 0.050786614942207875, 0.05110403490932566, 0.05047470858163526, 0.049729732468654086, 0.04965515643369268, 0.04925847928336629, 0.04981005405256879]
[0.04984874844057218, 0.04883213470209798, 0.051714219509279555, 0.050876924442383904, 0.05050179049266591, 0.05017581286816373, 0.050541412562812624, 0.04810332643212829, 0.04931837456992277, 0.05053704624962541, 0.05175907590381065, 0.0490181841565588, 0.050427280052717495, 0.04964910407542852, 0.05101949640299072, 0.05054921417013092, 0.049026634284575696, 0.048490119263357785, 0.050158892599592206, 0.049452208821188]
[0.05067073697252851, 0.051543804494233625, 0.050126867314852525, 0.04998689422050935, 0.050495685026693514, 0.050488068252452986, 0.04888464734398379, 0.04931619855926818, 0.048016954128997064, 0.050096415687354276, 0.049791227189225226, 0.05186462084316011, 0.0490056298561921, 0.04888641326808365, 0.04978849496729071, 0.05089211939799664, 0.05070494669313198, 0.049549840692318985, 0.05139961909594921, 0.048490815995762056]
[0.0491539906037088, 0.04951294506398293, 0.050308716867972364, 0.04979686241871955, 0.05102933296441712, 0.04878972365786127, 0.04997693956461695, 0.04940171977223695, 0.04998995504276646, 0.05131416861077561, 0.051886751546940287, 0.04884230345203641, 0.051220086046920785, 0.04905852795020273, 0.05107479005955965, 0.05060064243112477, 0.048796947721814525, 0.047982526673064144, 0.049385253157822925, 0.051877816393437325]
[0.05041816365963917, 0.04919846006612283, 0.05077316134893323, 0.04976590296300306, 0.04957765794798157, 0.05059934573345052, 0.049716180227062784, 0.048976840214872946, 0.05011975025902859, 0.04903229558397448, 0.05046923497715683, 0.04902741951114878, 0.05012997864458779, 0.049208815769045774, 0.05073700666354528, 0.050907243130562135, 0.05020229280272842, 0.04992884020167865, 0.05097028901421331, 0.05024112128129264]
[0.05086967013638763, 0.05020662146330059, 0.0511957970185569, 0.050118246641906, 0.04969247400280775, 0.04907380354489446, 0.04980900807141809, 0.048233555106473286, 0.05026771480556119, 0.049426671037430044, 0.049850938004997764, 0.049798210338249854, 0.0497712889937223, 0.050550971167865624, 0.04995863054337222, 0.05093497334085785, 0.05008308848100763, 0.04918979912274258, 0.050027393402960606, 0.050941144775516665]
[0.049725279883148545, 0.050456587459024135, 0.050208344949501445, 0.050330115220005724, 0.05025659547658078, 0.0498246517536075, 0.0505736613102711, 0.04868573968381429, 0.0500954582943967, 0.049799207388416665, 0.05010179076249593, 0.048918915967670416, 0.04928525672750097, 0.05029689369552529, 0.050217176791775515, 0.05033795695404894, 0.05001006566377125, 0.050501622627801425, 0.0501282332438551, 0.050246446146739926]
[0.05027527780247355, 0.050422763422230774, 0.050007344950997956, 0.049821758007902464, 0.04897937144550042, 0.05136750106988349, 0.04923677782779327, 0.050241131560035325, 0.04849598209221916, 0.04897349531427236, 0.05096886300458837, 0.05066372635180673, 0.04979027579186363, 0.05083676779173586, 0.05037862863743961, 0.04963327547940039, 0.05106055369157513, 0.05072185672398991, 0.04970453835483952, 0.048420110679428856]
[0.05000266913209494, 0.051290184933660055, 0.049898852726013715, 0.0493309795582474, 0.049906836793808654, 0.05105825166636557, 0.05037721550256433, 0.050232823672276085, 0.04920636240350217, 0.04984328620986384, 0.050357378340142256, 0.05056816029203687, 0.04839798713358909, 0.04985235984704456, 0.04943767778453875, 0.0492604452212906, 0.050943218593315645, 0.051431678597468354, 0.049905567160313045, 0.048698064431880586]
[0.04968288390524651, 0.04917146698885529, 0.04991095227456844, 0.05043855451729591, 0.05017972058022163, 0.04964606029034058, 0.04914736452269933, 0.0494214482267522, 0.04924783255929497, 0.049146214707266184, 0.04991769679818645, 0.04946078894582098, 0.050298814105664516, 0.04908690427977686, 0.050109558494906385, 0.05000614275192223, 0.05137796056940691, 0.04990044123061504, 0.04999682018698725, 0.05385237406415345]
[0.05083358350908005, 0.04932360990049973, 0.05063021473095602, 0.050460835909513085, 0.050447020173358954, 0.05070259260841658, 0.05027451263407101, 0.05005106960588505, 0.049710201806486054, 0.04919426602077558, 0.049871163426804366, 0.04946993749629343, 0.05086142250305265, 0.04903055492414211, 0.05136140175318337, 0.049323267025504464, 0.050527799383886095, 0.05052248547319585, 0.05078840514625341, 0.04661565596867275]]
 
>>>>>>>>>>FINAL B IS>>>>>>
[[0.24205137595685144, 0.14702337764224493, 0.07382462294110613, 0.068252743421533, 0.057583172333874166, 0.04456833441014114, 0.03607363051696361, 0.039034940494361285, 0.031238712423622063, 0.03150972519570431, 0.02936465711080484, 0.02655087414869359, 0.026400007212832068, 0.01826934809260598, 0.01611473139042606, 0.018774998633946893, 0.014945781901746884, 0.00819058576867858, 0.007709614159545853, 0.006788205562156881, 0.005810251110564389, 0.004327650264397068, 0.0022487057049767386, 0.0033527759866642014, 0.003055563398685856, 0.0032089237553890376, 0.0023866231917390734, 0.002469913127613668, 0.001930198545379016, 0.0022555291880686943, 0.02468442640867029]
[0.23922937283659437, 0.15493915886351986, 0.07032918463970701, 0.06530980099349387, 0.06064304709113161, 0.04427003491515064, 0.03563456300581717, 0.03810220272368842, 0.03209843368931513, 0.03097805284784745, 0.029294117090245653, 0.027224013121850937, 0.026979492404646584, 0.019133283037103953, 0.016180978133390502, 0.01952034943009496, 0.014781441005055872, 0.008303444134678761, 0.007678424831804872, 0.006833874045940311, 0.00565538002865338, 0.004380190316626098, 0.002352785204375216, 0.0033217349503701383, 0.0031041541864434067, 0.0032902467625481138, 0.0024316092215211837, 0.0023535645053848406, 0.001995298841492012, 0.002369862690603966, 0.021281904450916867]
[0.2418844502958503, 0.14970071908980104, 0.07198847247924953, 0.06477969620996603, 0.05738852055926631, 0.045946430329434046, 0.034271418797283404, 0.03872583907783736, 0.03096557598855182, 0.030002175755848695, 0.02882287711552122, 0.026212447313081685, 0.02579971351821338, 0.018590146457832538, 0.01570651930953349, 0.019122615362854256, 0.015390477146985965, 0.008174246704286797, 0.007609038813704278, 0.006718756618135848, 0.005694210667703493, 0.004115229967115002, 0.0025999136430944194, 0.0032290427417273225, 0.003116904374423584, 0.0030770264542617372, 0.0024131846646393154, 0.002412239925141855, 0.0020036382055603277, 0.002269316031415968, 0.03126915638166666]
[0.23830435032605113, 0.15228476322220455, 0.07277212966924723, 0.06547388167354437, 0.05840078559751754, 0.045774952288098095, 0.034033799727656015, 0.03894132129772812, 0.03224875117731309, 0.03123149961355494, 0.028845263721368055, 0.027822835569178864, 0.02524898248766077, 0.018262207911442604, 0.01608328236201151, 0.01867154437137509, 0.014560998226160325, 0.008072254851730425, 0.0075240448641531845, 0.006785579452318319, 0.005749099210088027, 0.004261000635526658, 0.002527829609297287, 0.003188902504714619, 0.003068279455483535, 0.0031585242949321523, 0.0024021821348180323, 0.0024038851694064395, 0.0019949452588016747, 0.0023040022040229946, 0.027598121112590746]
[0.23072596595583425, 0.15634289240251442, 0.07009544939790975, 0.06893723933735645, 0.060660603641011744, 0.046237012374382, 0.03524137134104916, 0.0383290606908479, 0.031303933679559984, 0.030078010507079814, 0.028394571819255122, 0.026924179592941633, 0.0259465071860908, 0.018651898800029768, 0.016460209876900087, 0.018325203541109295, 0.015115068050253892, 0.008112805007698773, 0.0075070257147859506, 0.006785138887631231, 0.005669051088131418, 0.0041416340856997485, 0.002464293409859645, 0.0031766911796028887, 0.0029953728401487284, 0.0032917004217100985, 0.0023901403486440097, 0.0024627723711978505, 0.0019826760382029903, 0.0022539248734966535, 0.028997595539062126]
[0.24203419710433335, 0.15052057460197507, 0.07192840656253166, 0.06556795137961448, 0.05912166187869514, 0.0447609458270192, 0.03549403487480889, 0.03938583298296825, 0.03216610842220229, 0.03088126607991142, 0.029445288760161982, 0.02696892049089512, 0.026691260034069166, 0.018335184697508892, 0.01673080950358409, 0.018347605674734133, 0.015154153038977006, 0.008160611024785703, 0.007413637030001506, 0.006642246317408294, 0.005690353183421287, 0.004192845695914995, 0.0023435130275943085, 0.0032132896029636823, 0.0029977556088832858, 0.0031372664705116324, 0.002414313741835453, 0.002323581144140319, 0.001996527071548016, 0.0023392726251687313, 0.02360058554181565]
[0.2345901992660964, 0.15712936887365897, 0.07054022227767187, 0.06565854592070877, 0.05802845088557558, 0.04474493784836056, 0.034320323368475625, 0.03921110508960935, 0.0312063833509592, 0.030607409009850695, 0.02935991319110809, 0.0278349976787484, 0.02681323102154386, 0.018532081261356387, 0.016251113728673317, 0.018543394304508607, 0.014909065481254709, 0.008182186974252053, 0.007671338989366964, 0.006871057158203161, 0.005597771341688778, 0.0043922953956040765, 0.00251718835118396, 0.0032449373636389695, 0.003130633746760956, 0.003187502695697042, 0.0023726635307948518, 0.0023643098770968554, 0.0019769135507953137, 0.002243842115566969, 0.02796661635120479]
[0.2346140533203993, 0.14933152919671802, 0.07232088154912875, 0.06698567340697927, 0.058268866498259485, 0.04627348934081169, 0.03587914977122778, 0.04016349368466243, 0.03256300175232926, 0.03140302074692216, 0.029474744317092464, 0.02675353408319108, 0.02709242101072259, 0.01913529763477994, 0.016198160183412316, 0.01874780307323514, 0.015723637449562435, 0.007982503204926866, 0.007725203558184274, 0.007195596480010075, 0.00576855944931319, 0.004250377228109527, 0.0025348995763243127, 0.003354711492304854, 0.003190108399560091, 0.003306198019836386, 0.0024313877470676717, 0.002504792322663455, 0.002051640892429057, 0.0022993724439729435, 0.02447589216587962]
[0.23552389306666316, 0.1485873258862893, 0.07205591521028334, 0.06737792022793086, 0.058219778580406965, 0.04417603675132201, 0.03505881339319887, 0.038288841466909564, 0.031940033865174924, 0.031675628703991904, 0.029573117280899723, 0.028029044772200293, 0.026505875390474547, 0.01848530550345023, 0.016208659973430198, 0.018872513235181746, 0.014782285889831192, 0.00835516020080823, 0.007667406128972191, 0.0069404407659604105, 0.005659221525070156, 0.004283152046502715, 0.002652062068962229, 0.0031869280371696796, 0.0030669043037798607, 0.00315455514373733, 0.0025047654795429734, 0.002509941087361123, 0.0019491534063335557, 0.002382983500302856, 0.0303263371078821]
[0.23165017042858366, 0.15703130403036059, 0.07080527991581172, 0.06537158282451777, 0.060747289248060436, 0.04444391617251629, 0.03411981691524473, 0.03890281842319113, 0.0319378019634573, 0.030883355644021785, 0.028931869536444374, 0.027261330453672843, 0.025422208692589713, 0.01829064083513941, 0.016569027517714732, 0.0183730996597936, 0.015429705896427486, 0.008251408270662, 0.0073672104066082955, 0.006838522786104111, 0.005798065203474486, 0.0041398341988771814, 0.002569567773922254, 0.003366176328608114, 0.0030454889009959435, 0.0031254795604233753, 0.002464136818114409, 0.002359061980264087, 0.001923499803249549, 0.0022875024960123534, 0.030292827315158557]
[0.2409972216892917, 0.15566818577742925, 0.06893460514971154, 0.06539804467496069, 0.058376565223482065, 0.04512591668677405, 0.03374550237672169, 0.03754876590863316, 0.030398122023129037, 0.02989464081793477, 0.02868851256129961, 0.026086418439760707, 0.02647303640358007, 0.01825674204187204, 0.01599664331104362, 0.018100829500934536, 0.014639621526094446, 0.00791751086208182, 0.007581537860270558, 0.006897335310410778, 0.00558539019008952, 0.00412527461474206, 0.0026259207898123352, 0.0032542331812987074, 0.0029494751846036557, 0.003095932148376407, 0.0023407414027589034, 0.0023810875417116795, 0.0019228787564826968, 0.002259803827625619, 0.032733504217087414]
[0.24369969919279796, 0.14913638531615403, 0.07008422590862251, 0.06538851850236659, 0.06075649560833714, 0.04557958872950146, 0.035624003501488644, 0.0397151312539272, 0.032286917938005234, 0.03130870729844264, 0.02929970830453583, 0.027457144440574285, 0.02628893928319737, 0.019048019711850175, 0.015953579639353642, 0.019285331607940704, 0.01514387958212045, 0.008174883031489518, 0.007390823923967856, 0.006638782217100301, 0.005643458942073681, 0.004205534094662545, 0.002217398061526869, 0.003326640981004663, 0.0030185609792849543, 0.003152546289112244, 0.0023521825981303256, 0.0024319058426240663, 0.0020252911739421964, 0.002285416095065565, 0.021080299950783577]
[0.23250727087879333, 0.14887821945212926, 0.06986481146680215, 0.0682693912396967, 0.06116553817567849, 0.04509455540300133, 0.03451417843814447, 0.037936237494340164, 0.032295837070944626, 0.030908353579582885, 0.02888039094707095, 0.026724984685368987, 0.026810105447871282, 0.018854261620780667, 0.016148048525452055, 0.019237600973206707, 0.015505371454085424, 0.008117026716327658, 0.0075230322089615085, 0.0069742259431657795, 0.00567562980128508, 0.004296822533219051, 0.002839749770344089, 0.003346270546961765, 0.003094011882906429, 0.003170478980819031, 0.00239878551095086, 0.002378775746630968, 0.001996442318319751, 0.002291478073782153, 0.03230211311336261]
[0.23497973581676157, 0.15608515026348788, 0.07285140346644878, 0.06553251514311104, 0.05737627792193282, 0.0449973391786253, 0.03424027484597334, 0.03880346095838823, 0.0313254612840571, 0.03034707919363287, 0.029207359199447596, 0.027252788602466098, 0.02588719301568098, 0.018939472332553095, 0.016293771809594543, 0.019284678973596342, 0.01540692778846401, 0.007960006114121657, 0.007388392642187168, 0.007074905252069087, 0.005656706819783771, 0.004273519265004647, 0.002519596526092562, 0.00319871184682381, 0.0030086824129271312, 0.0032858983982249025, 0.002324979213143384, 0.0023914851840170673, 0.0019776712889671387, 0.0022823116913299377, 0.02784624355111287]
[0.23973018759329698, 0.15517252135531803, 0.06884998403430533, 0.06661352160487626, 0.06031449057641834, 0.04362788275486412, 0.03435246998919914, 0.03772272035559467, 0.03098246372742016, 0.030374534504026947, 0.028660122912544658, 0.02702472772848421, 0.026116882730863007, 0.018101318902540155, 0.015947789961307173, 0.018579542381710192, 0.015078961032812246, 0.008385119673295447, 0.007683924650753689, 0.006775286966705421, 0.0056337936634838675, 0.0041369756531896874, 0.002609298688784115, 0.003213106837166793, 0.003001732875722505, 0.0031153740199236037, 0.002368052601692984, 0.0023500867807770003, 0.0019660724066393087, 0.0022721155773967228, 0.029238937458917057]
[0.23805413735612171, 0.15608798015865452, 0.0690993802674725, 0.06602704146942112, 0.057568317600241975, 0.04568390062017561, 0.035149344572537475, 0.037961124070906516, 0.03191695501216605, 0.031158849329764957, 0.028698503446923415, 0.027760633294569695, 0.025290118236033814, 0.018116726348814467, 0.01613436164367234, 0.01928640137401261, 0.015366282610381475, 0.007962366106942361, 0.007572757277646632, 0.006871036357262255, 0.005818649216574308, 0.00414605114399871, 0.0025149455269309097, 0.0032428370255416345, 0.003036651484437133, 0.003159020730682954, 0.002370417539098657, 0.0023761632557703924, 0.0019796476565736984, 0.002232417415284349, 0.02735698185133783]
[0.24129261970203175, 0.15687196861760772, 0.07166659537671105, 0.06669398869470239, 0.05898673105109674, 0.044497887077315716, 0.03456632060626435, 0.03923164529612542, 0.03128584674417864, 0.029639128519295697, 0.028884310093396565, 0.02733514016876839, 0.02572692566521434, 0.01842056998418933, 0.01572357814381431, 0.0181079027917539, 0.01469404315079535, 0.0081067394753358, 0.007477301441086321, 0.0068426078749999905, 0.005460904628585397, 0.004223631403853929, 0.002289233324192029, 0.0032124188024071692, 0.0031168803942761758, 0.003146196433837995, 0.0024059761694790226, 0.0023275875259394906, 0.0019863108014156225, 0.00222235932276778, 0.023556650718536267]
[0.23330584366470675, 0.15622756860583425, 0.07471313169925509, 0.06544843894338664, 0.05834961284127916, 0.046484364482180976, 0.03553411779887758, 0.038957127687337, 0.03170371160621767, 0.03079368452050537, 0.028646525939862794, 0.027019061748256565, 0.02643287877199276, 0.018859933635187374, 0.01658697517916366, 0.01919825226721339, 0.015454026713502449, 0.008133553472239846, 0.007528895771530288, 0.006943184852961316, 0.005593625070364637, 0.0042946758335169555, 0.0022748056764227047, 0.0032452239583052995, 0.0031447561301221143, 0.0032990957424910623, 0.0024137855993730077, 0.0024878496240004133, 0.0019730171029715676, 0.002270065470900079, 0.022682209590058587]
[0.24110289499431994, 0.15384920870843716, 0.0691605125053849, 0.06770812087196684, 0.059863202535797105, 0.045040735966068286, 0.034668315449696396, 0.038322605598908994, 0.03232060947625375, 0.030407938553828975, 0.027877411021097673, 0.02661241486051676, 0.0252905524981831, 0.01865175931099765, 0.016524079291604026, 0.018943987295091363, 0.014618194056029715, 0.008051007467854407, 0.007353611657827299, 0.006724226928730277, 0.0055249618735904935, 0.004114194232924345, 0.0024134621777659494, 0.0032242999705619, 0.0030111286043004934, 0.0031645870804144775, 0.002394964157272453, 0.0024496005745734753, 0.0018952709369587308, 0.0022268192758811466, 0.026489322067151187]
[0.23274059931832874, 0.150050838548138, 0.07369298207159301, 0.06647814375073606, 0.058424190900377565, 0.04717310756396308, 0.035753060026475075, 0.038747558630750065, 0.030851644828347555, 0.03194149267087801, 0.029919204026065134, 0.027906069406142684, 0.026563203399170007, 0.018339227213073107, 0.016195216670454125, 0.019187412709283282, 0.014819319983512762, 0.008406482431332827, 0.007629920114692578, 0.007117642384605363, 0.005567739878551549, 0.004204949488144518, 0.002635812713025213, 0.0033523874165300614, 0.003101240387203113, 0.003228130120673823, 0.0024214622337545354, 0.0025140283310507985, 0.001974529134373753, 0.0024030934922936054, 0.026659310156511618]]
 
>>>>>>>>>>FINAL LOG IS>>>>>>
[
0.0 ,
-274643.65150967235 ,
-217867.80541074864 ,
-217867.80482982422 ,
-217867.80424911334 ,
-217867.80366847926 ,
-217867.80308781876 ,
-217867.80250706017 ,
-217867.8019261056 ,
-217867.80134480054 ,
-217867.80076312303 ,
-217867.8001808708 ,
-217867.7995980089 ,
-217867.79901439653 ,
-217867.79842994767 ,
-217867.79784453564 ,
-217867.79725803185 ,
-217867.79667037248 ,
-217867.79608136942 ,
-217867.79549096953 ,
-217867.7948989542 ,
-217867.79430531256 ,
-217867.79370984752 ,
-217867.79311239693 ,
-217867.792512922 ,
-217867.7919112237 ,
-217867.7913071421 ,
-217867.79070059714 ,
-217867.79009139616 ,
-217867.78947939258 ,
-217867.78886445123 ,
-217867.7882464285 ,
-217867.78762518772 ,
-217867.78700046332 ,
-217867.78637215152 ,
-217867.78574010832 ,
-217867.78510415062 ,
-217867.7844640667 ,
-217867.7838196836 ,
-217867.78317082836 ,
-217867.78251731244 ,
-217867.78185895557 ,
-217867.78119547685 ,
-217867.78052679042 ,
-217867.77985258147 ,
-217867.77917272152 ,
-217867.77848690274 ,
-217867.77779495192 ,
-217867.77709663016 ,
-217867.77639169575 ,
-217867.7756799266 ,
-217867.77496103564 ,
-217867.7742348002 ,
-217867.77350094327 ,
-217867.772759183 ,
-217867.77200927766 ,
-217867.77125091042 ,
-217867.77048380795 ,
-217867.76970766007 ,
-217867.76892212752 ,
-217867.76812701294 ,
-217867.76732184485 ,
-217867.76650637045 ,
-217867.76568022164 ,
-217867.76484310746 ,
-217867.76399456823 ,
-217867.76313431354 ,
-217867.76226193196 ,
-217867.7613770211 ,
-217867.76047917356 ,
-217867.75956802946 ,
-217867.7586430825 ,
-217867.75770392304 ,
-217867.75675009892 ,
-217867.75578119807 ,
-217867.7547966812 ,
-217867.75379600565 ,
-217867.75277872902 ,
-217867.7517443498 ,
-217867.75069229325 ,
-217867.74962193816 ,
-217867.74853277937 ,
-217867.7474242051 ,
-217867.74629562537 ,
-217867.7451463849 ,
-217867.74397576827 ,
-217867.742783168 ,
-217867.74156790378 ,
-217867.7403292014 ,
-217867.73906632222 ,
-217867.73777850354 ,
-217867.73646494374 ,
-217867.7351248519 ,
-217867.73375731098 ,
-217867.73236147675 ,
-217867.73093638493 ,
-217867.7294811886 ,
-217867.72799477025 ,
-217867.7264762154 ,
-217867.72492442076 ,
-217867.7233383253 ,
]

 ------------------SCORING OBSERVATION 1 (FROM LATER OPCODES EXISTING FAMILY) ----------------------
-217922.05396637067

 ------------------SCORING OBSERVATION 2 DIFFERENT FAMILY ----------------------
-199876.09496365653

 ------------------SCORING OBSERVATION 3 DIFFERENT FAMILY ----------------------
-361985.9334693692

 ------------------SCORING OBSERVATION 4 DIFFERENT FAMILY ----------------------
-2736.501342195217

 ------------------SCORING OBSERVATION 5 DIFFERENT FAMILY ----------------------
-15578.226413445282
