>>>>>>>>>>FINAL PI IS>>>>>>
[7.336953440372652E-4 ][0.967627820093266 ][4.055974224113793E-13 ][1.261507932099753E-6 ][1.2651116557318384E-7 ][5.747426907102966E-9 ][6.676375328841006E-9 ][0.03163708136617707 ][2.75321410659518E-9 ] 
 
>>>>>>>>>>FINAL A IS>>>>>>
[[0.1143539199241845, 0.11468174161755751, 0.10669405276532479, 0.11282356912806737, 0.10993598951959331, 0.10852473113488069, 0.10983349885684382, 0.11343874313564148, 0.1097137539180864]
[0.11512431665031317, 0.12424552874533061, 0.1011214050039428, 0.11034863250636581, 0.11075359420235578, 0.10584130635092891, 0.10894821366523723, 0.11739682553193513, 0.10622017734364833]
[0.10877042765776321, 0.1021152173191293, 0.11935231223703535, 0.11349132849466141, 0.10958549615935155, 0.11345148154306132, 0.11092475809946335, 0.10812557060161974, 0.11418340788811915]
[0.11195903956888893, 0.11138111629347407, 0.11166107199645492, 0.11209780474105613, 0.11079060364481555, 0.11040212257887252, 0.11107522557957113, 0.11139828111826953, 0.10923473447870997]
[0.11150357591654339, 0.11217797018482928, 0.11009563733471392, 0.1130027399403431, 0.11081490629470239, 0.1097981314097348, 0.1110009672905049, 0.11313361610181835, 0.10847245552691258]
[0.11059740208456542, 0.10617883497840382, 0.11418376040778937, 0.11211843516175088, 0.11024424305206583, 0.11504730167376503, 0.1110031248979531, 0.11153488824728004, 0.10909200949657014]
[0.11163303117237464, 0.1102363654395909, 0.11163539425499872, 0.11213977612944552, 0.11016658393165225, 0.11163177654280534, 0.11064767566640088, 0.11080694507721757, 0.11110245178539277]
[0.11340471506992876, 0.11728239550308585, 0.10607056577866428, 0.1106031081025001, 0.11108557967235393, 0.1086840968077194, 0.10904362924455696, 0.11400311181602057, 0.1098227980051311]
[0.11191914027247048, 0.10899098734374227, 0.11358265218574275, 0.1132157136996573, 0.11091499767596649, 0.10991526290221336, 0.10967016037971097, 0.1109248857187839, 0.11086619982153256]]
 
>>>>>>>>>>FINAL B IS>>>>>>
[[0.22754842197025626, 0.07010424289775209, 0.10804651537139685, 0.20131605378279438, 0.0010576720483925534, 0.029993661879780642, 0.030444876918286585, 0.019630429513314996, 0.02732219089452522, 0.014879890353473698, 0.008641681899613122, 0.018490932436480874, 0.01591772855162459, 0.00918926924363545, 0.007074147347557867, 0.007137023248550696, 0.012791377060651697, 0.011032583594088494, 0.009064520319709765, 0.01142695120665232, 0.01065569322441771, 0.011031065871706052, 0.0024957475395359693, 0.008582146423815273, 0.005706227330107164, 0.0020275985873741847, 0.004279432581478344, 0.0010284911389069362, 0.004198933175219057, 0.001053526734585552, 0.10783096685451711]
[0.22440970288036216, 0.06854559287738932, 0.10229473359039891, 0.1862535810434728, 0.0011151015744483388, 0.029328188565063095, 0.03149316231967557, 0.020890911635010695, 0.028335156864998504, 0.015025911199366346, 0.008767839584353173, 0.018357673775222835, 0.017007155679768016, 0.009094905534760347, 0.0069763356285922435, 0.006642507922194564, 0.013011345682421824, 0.01182439082257939, 0.009559868754107819, 0.011769961918210342, 0.0111991109338371, 0.011201337240435413, 0.002541550315524658, 0.00907763810370214, 0.005930846101665281, 0.0021537311230738613, 0.004695951335244607, 0.0010777639594091966, 0.004374573175678249, 0.0010589288365743165, 0.1259845410226126]
[0.23127658021794864, 0.06670031808035146, 0.11130890617540277, 0.2283976049579869, 9.407246343338001E-4, 0.03208673638204826, 0.029958059687637765, 0.019561809649348547, 0.027805172770293516, 0.014761257662150752, 0.008997242597150852, 0.018834848505362302, 0.01544546276829709, 0.008961643918224266, 0.006594773382783101, 0.007308392590291551, 0.011871484955223234, 0.010312261177251834, 0.008308899658527116, 0.01008450322295233, 0.009942552742670757, 0.010523224446185673, 0.002508299382329537, 0.008170876581729235, 0.006006442551524542, 0.001929259508978435, 0.0040240543850310175, 9.893205512301918E-4, 0.003979691569275099, 9.820451811969697E-4, 0.08142755010644531]
[0.2346054665382614, 0.06771684974252895, 0.10386908692151353, 0.21143043450656515, 0.0010180782380713239, 0.030838762233312562, 0.0293571385663399, 0.019173845719106093, 0.02855838673414887, 0.014843409751529086, 0.00874658129855298, 0.018561184294425947, 0.01601661771011432, 0.009094521687368717, 0.00660224572695934, 0.007267581258932576, 0.01217645853421, 0.010999898213879625, 0.008837178417443347, 0.010568439935437164, 0.010698459295306616, 0.01122121876338406, 0.0024997433946171137, 0.00848327360781003, 0.005712124075781293, 0.0019717676442941186, 0.0041060038236158175, 9.819788287743995E-4, 0.004130190660719132, 9.977398475647433E-4, 0.0989153340294868]
[0.22646193781080787, 0.07065377854703579, 0.1050240158623559, 0.20887745196407376, 0.0010444932567256022, 0.031305656088119145, 0.03181584716202006, 0.020724783372118295, 0.028175213159403557, 0.014586623154889785, 0.008954053284239353, 0.01870828695943324, 0.016479416000693477, 0.009347524009978866, 0.006872115998058978, 0.007273211055827359, 0.012691633834592268, 0.010926600183245866, 0.008910928758128041, 0.011373924192776809, 0.010564894704650024, 0.011495079785479308, 0.0026093507423360592, 0.009029738109018304, 0.005844565963833059, 0.0021042155721816068, 0.004405198061604479, 0.0010492925676323565, 0.004190424881985416, 0.0010174073351968086, 0.09748233762165694]
[0.22423829291883685, 0.06703846470498032, 0.10492090772641835, 0.22465492583526075, 0.0010506577768567657, 0.030633176111132525, 0.030234681915023508, 0.019990468686989723, 0.02844978252312951, 0.015103690759821495, 0.00892362140196885, 0.019088899632867015, 0.016062343178775435, 0.009328196956835203, 0.006739272510649915, 0.007326475389202829, 0.011979545813569428, 0.010832056852405455, 0.008818892483020677, 0.011153041535603024, 0.010836216089021829, 0.011131024382782316, 0.0025848946601500344, 0.008488207705792552, 0.005841404848877762, 0.0019807292419614657, 0.004062388586037183, 0.0010079090729084477, 0.004075911421458094, 0.001010547412383184, 0.0924133718654254]
[0.22543407860565498, 0.06897051877742673, 0.10851041709131294, 0.2137659542754239, 0.0010513482922986405, 0.03125104541923241, 0.03066495835962078, 0.020229822395588848, 0.028199084718032005, 0.014426972696501453, 0.00881587304768735, 0.019286155501993443, 0.016040773057577704, 0.009107440879067466, 0.006770726074033631, 0.007052582316638822, 0.012722595997971696, 0.011314359781837924, 0.009322165952996618, 0.011347285330636737, 0.01065061145346823, 0.011508552628810282, 0.0025702538684458836, 0.008824211374066481, 0.005840471036331244, 0.0020683475309515825, 0.0042405162926356915, 0.001000887918505226, 0.0041465738971846935, 0.001049764980999368, 0.09381565044696072]
[0.2273025988899653, 0.06651048451062927, 0.10613148337754554, 0.20078897788137967, 0.0010439666072010114, 0.030210948210181242, 0.029725414899074275, 0.02052810865136783, 0.02721233731936294, 0.014463271995520445, 0.008830217203996783, 0.018229277044416983, 0.01655230862861134, 0.00930910611252028, 0.006674560092920684, 0.006800930192534146, 0.012652336112005589, 0.011096653355100333, 0.00908719402302843, 0.010963792427300344, 0.011074103223490065, 0.01095316506159857, 0.0025058280248246045, 0.008906002389657141, 0.005825690937747351, 0.0020369651156050958, 0.004473405425721093, 0.0010404112922255734, 0.004176226568266919, 0.0010227263663055612, 0.11387150805984901]
[0.23269594695345316, 0.06919703702779055, 0.10830734857763434, 0.21206193199677198, 0.0010369499124132475, 0.03250914048584601, 0.03046163212770652, 0.01962777502322937, 0.02740726536242747, 0.015110927734863873, 0.008888837047392954, 0.018216452119502246, 0.015539976006044074, 0.009187598700976324, 0.006894824774603367, 0.007281570945938503, 0.011866419102585986, 0.01119250153382186, 0.008719584089337385, 0.01084552865348545, 0.010483699308710126, 0.011016958832566391, 0.0025463262970236347, 0.008552580644989021, 0.006037443248947988, 0.0020873914657990327, 0.004044149498967362, 0.001003127972932638, 0.004164037419483576, 9.86436083744489E-4, 0.09202860105087929]]
 
>>>>>>>>>>FINAL LOG IS>>>>>>
[
0.0 ,
-171663.32561938622 ,
-126404.63249604905 ,
-126404.62715639416 ,
-126404.6218821075 ,
-126404.6166907579 ,
-126404.61159879979 ,
-126404.6066213169 ,
-126404.60177129098 ,
-126404.59705977002 ,
-126404.59249535167 ,
-126404.58808440366 ,
-126404.5838306084 ,
-126404.57973565208 ,
-126404.5757988126 ,
-126404.5720175971 ,
-126404.56838770251 ,
-126404.56490326523 ,
-126404.56155736165 ,
-126404.5583419135 ,
-126404.55524813638 ,
-126404.55226680654 ,
-126404.54938813369 ,
-126404.54660225252 ,
-126404.54389928217 ,
-126404.54126922548 ,
-126404.53870240938 ,
-126404.53618920823 ,
-126404.53372031027 ,
-126404.5312866828 ,
-126404.52887950091 ,
-126404.52649034346 ,
-126404.52411092549 ,
-126404.52173343071 ,
-126404.51935012783 ,
-126404.51695366505 ,
-126404.51453669602 ,
-126404.51209212324 ,
-126404.50961310582 ,
-126404.50709269677 ,
-126404.50452413136 ,
-126404.50190070021 ,
-126404.49921541082 ,
-126404.49646149925 ,
-126404.49363200892 ,
-126404.49071976735 ,
-126404.48771741067 ,
-126404.48461740695 ,
-126404.48141180711 ,
-126404.47809246532 ,
-126404.4746507087 ,
-126404.47107751874 ,
-126404.4673632341 ,
-126404.4634977668 ,
-126404.45947014666 ,
-126404.45526890077 ,
-126404.45088154417 ,
-126404.44629491099 ,
-126404.44149446611 ,
-126404.4364649171 ,
-126404.43118939875 ,
-126404.4256500004 ,
-126404.41982687693 ,
-126404.41369863755 ,
-126404.4072420033 ,
-126404.40043140382 ,
-126404.39323908204 ,
-126404.38563423941 ,
-126404.37758346043 ,
-126404.36904958 ,
-126404.35999187117 ,
-126404.35036505004 ,
-126404.34011922112 ,
-126404.32919874656 ,
-126404.31754189976 ,
-126404.30507968216 ,
-126404.29173501229 ,
-126404.2774216413 ,
-126404.26204237533 ,
-126404.2454879198 ,
-126404.22763486701 ,
-126404.20834326812 ,
-126404.18745428442 ,
-126404.1647869842 ,
-126404.14013448455 ,
-126404.1132595797 ,
-126404.08388954819 ,
-126404.05170939618 ,
-126404.01635424687 ,
-126403.97739964013 ,
-126403.93434985784 ,
-126403.88662364702 ,
-126403.83353622594 ,
-126403.77427694692 ,
-126403.70788168164 ,
-126403.6331974542 ,
-126403.54883792653 ,
-126403.45312592569 ,
-126403.34401971633 ,
-126403.21901714381 ,
-126403.07502888668 ,
]

 ------------------SCORING OBSERVATION 1 (FROM LATER OPCODES EXISTING FAMILY) ----------------------
-134523.2137910895

 ------------------SCORING OBSERVATION 2 DIFFERENT FAMILY ----------------------
-211052.65170657355

 ------------------SCORING OBSERVATION 3 DIFFERENT FAMILY ----------------------
-421124.8695595295

 ------------------SCORING OBSERVATION 4 DIFFERENT FAMILY ----------------------
-3073.3684332516473

 ------------------SCORING OBSERVATION 5 DIFFERENT FAMILY ----------------------
-16468.33474320734
