>>>>>>>>>>FINAL PI IS>>>>>>
[3.274354188902409E-5 ][0.0011200466417749593 ][1.3028939946309602E-6 ][0.1603971700910731 ][0.7645430360206824 ][0.0672790604752201 ][1.3032255536074462E-6 ][0.006011755164504309 ][6.127840372690448E-4 ][7.979080387060394E-7 ] 
 
>>>>>>>>>>FINAL A IS>>>>>>
[[0.10059227427569814, 0.1008662832683181, 0.09845552759059154, 0.10005904024061024, 0.10017462115471307, 0.09863041441153791, 0.09914088484540244, 0.09934243107803573, 0.10050999383317696, 0.10222852930188367]
[0.10194175749303505, 0.10076034864510582, 0.0992744659526146, 0.09963773519324662, 0.10036111065421324, 0.10115216442019032, 0.10054569143733424, 0.0978896238368924, 0.0992732036065873, 0.09916389876076874]
[0.09930100398482151, 0.10105003058996731, 0.09897964791574547, 0.0999074298160777, 0.09814686915891127, 0.09917395204850063, 0.09986477942161548, 0.09995827584375766, 0.09957511022283215, 0.10404290099776214]
[0.09978922828170453, 0.10171090061446823, 0.09900002315373882, 0.09993823222144552, 0.09860004563828331, 0.10049283909557075, 0.10174739925461546, 0.10008428972049158, 0.09914619410451848, 0.09949084791516256]
[0.10027527782180562, 0.10000355280765558, 0.10054982639596009, 0.10156869990951109, 0.09858679950983475, 0.100059990886679, 0.09950864072076257, 0.10004213313948712, 0.09895361824035287, 0.10045146056795759]
[0.10042743968759081, 0.10057234568344973, 0.09894072303444783, 0.09972114417782889, 0.0988202391457793, 0.10014060540140464, 0.0999799222821784, 0.09881282609467935, 0.1007105987366639, 0.1018741557560197]
[0.1013110582616524, 0.10135674207623745, 0.10034129045523088, 0.10083934658307177, 0.09881919032297405, 0.10094893040283465, 0.10013590465546311, 0.09885345677735073, 0.09865203636576025, 0.09874204409943707]
[0.10050703421236618, 0.1007846394068342, 0.10024802706156744, 0.0992695020621072, 0.09780176616405797, 0.09956002611409612, 0.10170271899652644, 0.09842069943717212, 0.0998698214176685, 0.10183576512759712]
[0.09906477752690436, 0.09997955910249617, 0.09916039397393174, 0.0995700444830751, 0.09978286435515671, 0.09904719923331487, 0.10090556664530559, 0.09942071031813808, 0.09952942998836056, 0.10353945437329941]
[0.0994404601798719, 0.10117343384942222, 0.09805333385216337, 0.100045978633109, 0.09972238181447249, 0.10106570278369753, 0.1010193768732322, 0.09785222987921889, 0.10082267599343535, 0.10080442614138316]]
 
>>>>>>>>>>FINAL B IS>>>>>>
[[0.2841775567317414, 0.1602978992013991, 0.1275151893059327, 0.07055218249383319, 0.05899947319172482, 0.042094376395099255, 0.034182072077570236, 0.0306244217535348, 0.022751655832062824, 0.02213668264949071, 0.020781938750465977, 0.014846169606773655, 0.0141981053556205, 0.014331169206268552, 0.012246747148051011, 0.011324741479167797, 0.010506729002002132, 0.010693447335006812, 0.01081566295846428, 0.008229424073221196, 0.005572675761884357, 0.004839309743239181, 0.0026368053949477744, 0.0017681799942586582, 9.733507665408367E-4, 7.541311517651215E-4, 3.209463516282667E-4, 4.067408385900501E-4, 3.7475855419040385E-4, 3.576425712755747E-4, 6.898143242185583E-4]
[0.29633569074163535, 0.1588170868423665, 0.12157656693776646, 0.06673948632865516, 0.06075849147246215, 0.041404301632596764, 0.03481661546974264, 0.030561796915143352, 0.02163047947271788, 0.021992910629267625, 0.019488712556873566, 0.014488566246475461, 0.014344251165442225, 0.014718008477150796, 0.01237225849098412, 0.010830248650713177, 0.010909184910698408, 0.010419012988554499, 0.010485491404010753, 0.008651815309831798, 0.005631771043334809, 0.004629010477588465, 0.0027354951068572606, 0.001778912948105481, 9.81292293301956E-4, 7.716522203288447E-4, 3.270155203138359E-4, 4.1509824141588883E-4, 3.71164071157727E-4, 3.5572539269075257E-4, 6.618860418053307E-4]
[0.2927070404593048, 0.1543784997230989, 0.12171917325126155, 0.07072813303408527, 0.06189774970975088, 0.041782948432118765, 0.03346731460155161, 0.031244629405681016, 0.02235983144959097, 0.022548129116315187, 0.02103650215543079, 0.014876577042227156, 0.014185442309633632, 0.014479304405373997, 0.012618497639411754, 0.01079875889652884, 0.010788379220184332, 0.010506551789717647, 0.010712741484826111, 0.007925526452753948, 0.005762504413165554, 0.0049464389111987415, 0.002671485781889036, 0.001786922182120164, 9.719261247084378E-4, 7.670313807345379E-4, 3.3410386599948174E-4, 4.109400345989247E-4, 3.696846954664607E-4, 3.65636491742619E-4, 8.515955395235672E-4]
[0.29564004888896617, 0.15228435772542037, 0.11989755636707776, 0.07002678603424776, 0.06277633076785206, 0.04274055619593958, 0.03477285456390124, 0.031167344571437963, 0.021459294552133402, 0.02221169896325808, 0.019984800463171994, 0.014146783935115448, 0.013977699580670577, 0.014596458876000142, 0.012910120078727643, 0.011189649629499396, 0.01064133615747853, 0.010394060734278707, 0.010662313686343234, 0.009947815479886641, 0.00551119844878767, 0.004572144724984061, 0.0026625074100953645, 0.0018016161488685057, 9.968147473336636E-4, 7.829698202067043E-4, 3.2399439511969236E-4, 3.984604569086014E-4, 3.6399099465077083E-4, 3.707285007580727E-4, 7.877071008816433E-4]
[0.2863747463293755, 0.15877410152019247, 0.12070734837699726, 0.07037573807644755, 0.0603583234874475, 0.0440024869791536, 0.03489762123618497, 0.031155968968496497, 0.022286866439084105, 0.022683251239186745, 0.02054780956634689, 0.01467833162890604, 0.014161841955234768, 0.013944917316302211, 0.012289238657102358, 0.01123894083073818, 0.01068479118381563, 0.010227341617711614, 0.010525970186027571, 0.010960416024451546, 0.005830510936043907, 0.004782204418076582, 0.0026671860703861602, 0.001789929914647973, 0.0010162247885011767, 7.795554516641889E-4, 3.4231346083085857E-4, 4.1621469963164546E-4, 3.6363267835757396E-4, 3.569955168081214E-4, 7.791804458422388E-4]
[0.28780082893402303, 0.16100980022146563, 0.12496412490222046, 0.06826898806834335, 0.062124971237781, 0.04164583430754665, 0.034096915756683506, 0.030472398715931312, 0.02149353328567678, 0.02198030237090221, 0.019841233383040207, 0.014654033964631302, 0.01393314678161255, 0.014475697966645138, 0.012602237401321943, 0.010904223507603216, 0.010748117640762963, 0.010392850826385306, 0.010254635887171085, 0.009614599382730423, 0.0056070456816548295, 0.004617897248194803, 0.0026815700026235206, 0.0017782230259020314, 9.639347548425187E-4, 7.692900741179682E-4, 3.2808689273335914E-4, 4.1084130563670426E-4, 3.764975952653793E-4, 3.5639889445683E-4, 8.317399821330374E-4]
[0.29964385237504826, 0.15745287431130792, 0.11954434431708522, 0.06877125990442755, 0.0599236776763077, 0.04211598828912872, 0.034727944543658754, 0.03022201288949096, 0.022038700843250516, 0.021436653056371702, 0.020666478320645297, 0.014041105300717055, 0.014131914275971534, 0.014620151535686535, 0.012171056140144661, 0.010740678774621436, 0.010499691288950994, 0.010097201977414112, 0.010395477043624177, 0.00787716904458162, 0.005654766386566344, 0.004780834180366857, 0.0026957272039454154, 0.0017386164914570258, 9.473520655505429E-4, 7.467391593105074E-4, 3.3667304653532096E-4, 4.084129577048904E-4, 3.6499706151094406E-4, 3.649185566477902E-4, 8.427309819902556E-4]
[0.2894769681819499, 0.1546982432099822, 0.12299861140495257, 0.06890043179039712, 0.06286632864319275, 0.042392620930328105, 0.03494774081536176, 0.030167621609676194, 0.022940507999383637, 0.02176801572202461, 0.020895901128326542, 0.014526322444528455, 0.013543790434675849, 0.014829785991268066, 0.01261989617584616, 0.011355632308407158, 0.011163046014949263, 0.010664517002302492, 0.011010978369244086, 0.008968951175030618, 0.005860603461022226, 0.0047744355478045244, 0.002788046688571769, 0.001757635111001487, 9.894708794629373E-4, 7.63197971959168E-4, 3.2208883893569267E-4, 4.089607503069728E-4, 3.784499920607623E-4, 3.5592167405838076E-4, 8.652777329900482E-4]
[0.28430153640288236, 0.1590118330579814, 0.1281985944697817, 0.06830167773794585, 0.05958288123302864, 0.04364161256461366, 0.03419223908679427, 0.03009173019369521, 0.022769381051990275, 0.021589050077942092, 0.020906195478087766, 0.014567816328700483, 0.014178253669212465, 0.014832259838002241, 0.012994417469731475, 0.011401292655746017, 0.01114738471874658, 0.010466618149117299, 0.010511545990584473, 0.008576775811932566, 0.005520589021466048, 0.004672999901662301, 0.0027727981829381754, 0.0018039167288926954, 0.0010062440218083428, 7.907253708152784E-4, 3.3163551097489314E-4, 4.0738470233206073E-4, 3.6102818431233124E-4, 3.65340230995669E-4, 7.042421572654818E-4]
[0.2991126411114453, 0.15080788481683716, 0.1261425629437857, 0.06808331011002344, 0.059652740523201235, 0.043391441582588175, 0.033507487531745, 0.029906196216744833, 0.02208625910225071, 0.022357789844296146, 0.019676850348243735, 0.014381849791579722, 0.01423776545549091, 0.014074340610738622, 0.012677844580963714, 0.01112127505060203, 0.010914597683249958, 0.01053901605881144, 0.0107287072112563, 0.00787907997827738, 0.005751551290884218, 0.004687914633800305, 0.002590169641247822, 0.0017960697798974658, 9.542898464421393E-4, 7.74839322402265E-4, 3.331971265868773E-4, 4.168881298659927E-4, 3.757213981691438E-4, 3.508077551867234E-4, 6.889105234036088E-4]]
 
>>>>>>>>>>FINAL LOG IS>>>>>>
[
0.0 ,
-343555.4103417077 ,
-245328.88242934615 ,
-245328.88185919647 ,
-245328.88129222995 ,
-245328.880726784 ,
-245328.88016124355 ,
-245328.87959428376 ,
-245328.87902436717 ,
-245328.87845008564 ,
-245328.87787033606 ,
-245328.87728376183 ,
-245328.87668916513 ,
-245328.87608549814 ,
-245328.8754714923 ,
-245328.87484619027 ,
-245328.87420858702 ,
-245328.8735577548 ,
-245328.87289265974 ,
-245328.87221257438 ,
-245328.87151665622 ,
-245328.87080403775 ,
-245328.87007393627 ,
-245328.86932574274 ,
-245328.8685587734 ,
-245328.8677723667 ,
-245328.86696593827 ,
-245328.8661389573 ,
-245328.8652908946 ,
-245328.86442108988 ,
-245328.86352930768 ,
-245328.86261496905 ,
-245328.86167769742 ,
-245328.86071696403 ,
-245328.85973256535 ,
-245328.85872389513 ,
-245328.8576907416 ,
-245328.85663252923 ,
-245328.8555489612 ,
-245328.85443948832 ,
-245328.8533036534 ,
-245328.85214114116 ,
-245328.85095121808 ,
-245328.8497334004 ,
-245328.84848702353 ,
-245328.847211528 ,
-245328.8459058467 ,
-245328.84456949483 ,
-245328.84320141928 ,
-245328.84180070244 ,
-245328.84036627878 ,
-245328.83889705548 ,
-245328.83739172074 ,
-245328.83584913108 ,
-245328.83426786624 ,
-245328.83264634642 ,
-245328.8309832883 ,
-245328.82927688566 ,
-245328.82752562047 ,
-245328.82572762592 ,
-245328.82388123244 ,
-245328.8219844268 ,
-245328.82003543538 ,
-245328.81803240825 ,
-245328.81597315788 ,
-245328.81385585078 ,
-245328.81167842346 ,
-245328.80943880667 ,
-245328.8071348869 ,
-245328.80476454244 ,
-245328.80232574718 ,
-245328.79981618468 ,
-245328.79723351164 ,
-245328.79457545342 ,
-245328.79183951966 ,
-245328.78902292225 ,
-245328.78612297887 ,
-245328.78313642385 ,
-245328.7800598516 ,
-245328.77688961386 ,
-245328.7736214617 ,
-245328.770250497 ,
-245328.76677170716 ,
-245328.76317894607 ,
-245328.75946571238 ,
-245328.75562448063 ,
-245328.7516469209 ,
-245328.7475240044 ,
-245328.7432456081 ,
-245328.7388007969 ,
-245328.73417803313 ,
-245328.72936478196 ,
-245328.72434813724 ,
-245328.7191149018 ,
-245328.7136519273 ,
-245328.70794643622 ,
-245328.70198656063 ,
-245328.69576192848 ,
-245328.68926422816 ,
-245328.68248783433 ,
-245328.675430588 ,
]

 ------------------SCORING OBSERVATION 1 (FROM LATER OPCODES EXISTING FAMILY) ----------------------
-248117.59532814345

 ------------------SCORING OBSERVATION 2 DIFFERENT FAMILY ----------------------
-223153.49872366045

 ------------------SCORING OBSERVATION 3 DIFFERENT FAMILY ----------------------
-348777.16746056994

 ------------------SCORING OBSERVATION 4 DIFFERENT FAMILY ----------------------
-2810.299630072092

 ------------------SCORING OBSERVATION 5 DIFFERENT FAMILY ----------------------
-13883.235384684776
